2511.19878
2511.19528
2511.18121
2511.20333
2511.16229
2511.19575
2511.15605
2511.16449
2511.18902
2511.15256
2511.15915
2511.20639
2511.16664
2511.19647
2511.18868
2511.17801
2511.17473
2511.20340
2511.18085
2511.17637
2511.18643
2511.17885
2511.17826
2511.17205
2511.19333
2511.16324
2511.15137
2511.20102
2511.17864
2511.18375
2511.18039
2511.19969
2511.17729
2511.19269
2511.18742
2511.17388
2511.16108
2511.19457
2511.15392
2511.19495
2511.15633
2511.16043
2511.20347
2511.16665
2511.17849
2511.17161
2511.20072
2511.20297
2511.16660
2511.16107
2511.21591
2511.21689
2511.21638
2511.21101
2511.20973
2511.16216
2511.20277
2511.21610
2511.20629
2511.21050
2511.20892
2511.20849
2511.21631
2511.20857
2511.19504
2511.19131
2511.16885
2511.18743
2511.18659
2511.17290
2511.19422
2511.19942
2511.21075
2511.20549
2511.21011
2511.19368
2511.19768
2511.19496
2511.19584
2511.21669
2511.19561
2511.20200
2511.21622
2511.19314
2511.20889
2511.20820
2511.18891
2511.19959
2511.21338
2511.20315
2511.19705
2511.20439
2511.20974
2511.21016
2511.19636
2511.19486
2511.21686
2511.19418
2511.18715
2511.20814
2511.21490
2511.18165
2511.20099
2511.19489
2511.18597
2511.18903
2511.19328
2511.20196
2511.18964
2511.21510
2511.18611
2511.21188
2511.21136
2511.19699
2511.21572
2511.18450
2511.20795
2511.21613
2511.20613
2511.21581
2511.20714
2511.20693
2511.18960
2511.19484
2511.18538
2511.20194
2511.19491
2511.19671
2511.19344
2511.18746
2511.22749
2511.23473
2511.22176
2511.22715
2511.22367
2511.22891
2511.23310
2511.21759
2511.22998
2511.22982
2511.22146
2511.22955
2511.23271
2511.22972
2511.22880
2511.23455
2511.21678
2511.23476
2511.20836
2511.23269
2512.01457
2512.00672
2512.01848
2512.01127
2512.01278
2512.00504
2512.01953
2512.01485
2512.00831
2512.01945
2512.00466
2512.01616
2512.00829
2512.00719
2512.01224
2512.01343
2512.01054
2511.21667
2511.22334
2512.01208
